#------------------------------
# Axial location              E
#------------------------------
              0  8.283867e-008
      0.0172669  8.273938e-008
     0.03453393  8.253752e-008
     0.05180083   8.23326e-008
     0.06906773  8.212812e-008
     0.08633463  8.192407e-008
      0.1036015  8.172042e-008
      0.1208684  8.151714e-008
      0.1381353  8.131418e-008
      0.1554022   8.11115e-008
      0.1726691  8.090908e-008
       0.189936  8.070688e-008
      0.2072029  8.050487e-008
      0.2244698   8.03031e-008
      0.2417367  8.010183e-008
      0.2590036  7.990124e-008
      0.2762705  7.970122e-008
      0.2935374  7.950166e-008
      0.3108043  7.930244e-008
      0.3280712  7.910342e-008
      0.3453381  7.890448e-008
       0.362605  7.870548e-008
      0.3798719  7.850628e-008
      0.3971388  7.830673e-008
      0.4144057  7.810667e-008
      0.4316726  7.790593e-008
      0.4489395  7.770434e-008
      0.4662064  7.750173e-008
      0.4834733   7.72979e-008
      0.5007402  7.709267e-008
      0.5180072  7.688583e-008
      0.5352741  7.667717e-008
       0.552541   7.64665e-008
      0.5698079   7.62536e-008
      0.5870749  7.603825e-008
      0.6043418  7.582021e-008
      0.6216087  7.559926e-008
      0.6388758  7.537513e-008
      0.6561427  7.514758e-008
      0.6734096  7.491631e-008
      0.6906766  7.468105e-008
      0.7079435  7.444147e-008
      0.7252104  7.419723e-008
      0.7424774  7.394795e-008
      0.7597443  7.369322e-008
      0.7770112   7.34326e-008
      0.7942781  7.316554e-008
      0.8115451  7.289147e-008
       0.828812  7.260969e-008
      0.8460789  7.231946e-008
      0.8633459  7.201987e-008
      0.8806128  7.170991e-008
      0.8978797  7.138839e-008
      0.9151466  7.105394e-008
      0.9324136  7.070494e-008
      0.9496805  7.033956e-008
      0.9669474  6.995567e-008
      0.9842144  6.955085e-008
       1.001481  6.912251e-008
       1.018748  6.866811e-008
       1.036015  6.818572e-008
       1.053282  6.768214e-008
       1.070549  6.717067e-008
       1.087816  6.666641e-008
       1.105083  6.619297e-008
        1.12235  6.578092e-008
       1.139616  6.544773e-008
       1.156879   6.51612e-008
       1.174136  6.485956e-008
       1.191394   6.45037e-008
       1.208652  6.408079e-008
        1.22591  6.359083e-008
       1.243168   6.30415e-008
       1.260425   6.24506e-008
       1.277683  6.194907e-008
       1.294941   6.16394e-008
       1.312199   6.14036e-008
       1.329456  6.121451e-008
       1.346714  6.115141e-008
       1.363972   6.11526e-008
