#------------------------------
# Axial location              E
#------------------------------
              0  1.293842e-008
      0.0172669  1.292392e-008
     0.03453393  1.289198e-008
     0.05180083  1.285692e-008
     0.06906773  1.282174e-008
     0.08633463  1.278663e-008
      0.1036015  1.275162e-008
      0.1208684  1.271666e-008
      0.1381353  1.268178e-008
      0.1554022    1.2647e-008
      0.1726691  1.261237e-008
       0.189936  1.257788e-008
      0.2072029  1.254355e-008
      0.2244698  1.250937e-008
      0.2417367  1.247535e-008
      0.2590036  1.244149e-008
      0.2762705  1.240778e-008
      0.2935374  1.237418e-008
      0.3108043  1.234068e-008
      0.3280712  1.230724e-008
      0.3453381  1.227384e-008
       0.362605  1.224046e-008
      0.3798719  1.220706e-008
      0.3971388  1.217361e-008
      0.4144057  1.214008e-008
      0.4316726  1.210643e-008
      0.4489395  1.207264e-008
      0.4662064  1.203867e-008
      0.4834733  1.200448e-008
      0.5007402  1.197004e-008
      0.5180072   1.19353e-008
      0.5352741  1.190022e-008
       0.552541  1.186476e-008
      0.5698079  1.182887e-008
      0.5870749  1.179251e-008
      0.6043418  1.175561e-008
      0.6216087  1.171813e-008
      0.6388758  1.168001e-008
      0.6561427  1.164118e-008
      0.6734096  1.160157e-008
      0.6906766  1.156112e-008
      0.7079435  1.151974e-008
      0.7252104  1.147734e-008
      0.7424774  1.143384e-008
      0.7597443  1.138913e-008
      0.7770112   1.13431e-008
      0.7942781  1.129561e-008
      0.8115451  1.124653e-008
       0.828812  1.119571e-008
      0.8460789  1.114297e-008
      0.8633459  1.108811e-008
      0.8806128  1.103092e-008
      0.8978797  1.097114e-008
      0.9151466  1.090849e-008
      0.9324136  1.084265e-008
      0.9496805  1.077324e-008
      0.9669474  1.069984e-008
      0.9842144  1.062196e-008
       1.001481  1.053908e-008
       1.018748  1.045064e-008
       1.036015  1.035616e-008
       1.053282   1.02557e-008
       1.070549  1.015157e-008
       1.087816  1.004775e-008
       1.105083  9.949303e-009
        1.12235  9.863504e-009
       1.139616   9.79732e-009
       1.156879  9.750495e-009
       1.174136  9.711465e-009
       1.191394  9.668273e-009
       1.208652  9.616556e-009
        1.22591  9.555225e-009
       1.243168  9.483662e-009
       1.260425  9.405512e-009
       1.277683  9.339318e-009
       1.294941  9.299235e-009
       1.312199  9.278875e-009
       1.329456  9.271261e-009
       1.346714   9.27924e-009
       1.363972  9.288067e-009
